67
73
101
109
129
141
144
159
179
230
240
245
246
247
249
277
280
281
299
301
307
335
338
373
381
433
510
522
533
545
554
591
639
721
771
780
787
791
794
796
799
800
806
846
859
921
924
933
978
1005
1015
1021
1023
1031
1041
1048
1082
1098
1102
1112
1133
1134
1143
1168
1174
1180
1197
1208
1231
1248
1277
1312
1350
1352
1356
1362
1395
1401
1424
1436
1441
1442
1447
1450
1487
1497
1523
1527
1542
1545
1604
1605
1653
1680
1703
1716
1728
1802
1824
1845
1854
1866
1868
1889
1892
1901
1915
1933
1934
1942
1948
1987
2000
2115
2116
2191
2202
2235
2236
2265
2271
2274
2295
2301
2312
2313
2324
2325
2330
2370
2374
2401
2420
2426
2434
2441
2446
2466
2469
2494
2524
2535
2551
2552
2561
2580
2610
2636
2638
2664
2718
2724
2726
2729
2747
2748
2751
2788
2819
2871
7669
9853
13262
16293
18744
23268
23763