67
73
101
109
129
141
144
159
179
230
240
245
246
247
249
277
280
281
299
301
307
335
338
373
381
433
510
522
533
545
554
591
639
721
771
780
787
791
794
796
799
800
806
846
859
921
924
933
978
1005
1015
1021
1023
1031
1041
1048
1082
1098
1102
1112
1133
1134
1143
1168
1174
1180
1197
1208
1231
1248
1277
1312
1350
1352
1356
1362
1395
1401
1424
1436
1441
1442
1447
1450
1487
1497
1523
1527
1542
1545
1604
1605
1653
1680
1703
1716
1728
1802
1824
1845
1854
1866
1868
1889
1892
1901
1915
1933
1934
1942
1948
1987
2000
2115
2116
2191
2202
2235
2236
2265
2271
2274
2295
2301
2312
2313
2324
2325
2330
2370
2374
2401
2420
2426
2434
2441
2446
2466
2469
2494
2524
2535
2551
2552
2561
2580
2610
2636
2638
2664
2718
2724
2726
2729
2747
2748
2751
2788
2819
2871
2926
2969
2982
2983
2991
2997
3022
3059
3064
3091
3093
3184
3193
3239
3247
3259
3316
3352
3370
3372
3384
3395
3402
3410
3441
3444
3463
3518
3530
3541
3554
3560
3581
3604
3606
3608
3619
3636
3676
3694
3700
3707
3791
3831
3857
3985
3994
3996
4069
4083
4101
4124
4131
4179
4207
4274
4300
4307
4327
4334
4340
4365
4444
4515
4543
4551
4556
4567
4581
4593
4642
4708
4712
4717
4718
4741
4744
4754
4755
4757
4758
4768
4781
4833
4858
4918
4927
4945
4949
4961
4989
5024
5068
5069
5106
5107
5117
5135
5193
5204
5207
5226
5245
5273
5279
5301
5313
5316
5322
5324
5386
5393
5441
5442
5455
5484
5494
5503
5505
5566
5590
5591
5606
5612
5617
5658
5685
5703
5713
5724
5743
5753
5756
5760
5773
5780
5809
5812
5828
5830
5831
5852
5857
5892
5894
5906
5908
5923
5928
5931
5948
5984
5990
6028
6029
6179
6190
6204
6257
6261
6298
6309
6327
6338
6353
6358
6387
6389
6406
6419
6467
6470
6496
6602
6631
6635
6680
6684
6714
6746
6756
6759
6819
6823
6847
6858
6893
6900
6937
6941
6947
6963
6974
6983
6995
6996
6997
6998
7024
7041
7045
7063
7127
7150
7151
7156
7185
7191
7202
7226
7276
7307
7421
7445
7471
7474
7480
7531
7564
7584
7588
7594
7612
7615
7617
7648
7662
7669
7672
7681
7684
7697
7718
7722
7738
7739
7766
7767
7776
7793
7844
7866
7874
7896
7934
7978
7982
8029
8053
8056
8106
8156
8178
8256
8296
8308
8344
8350
8374
8379
8416
8422
8423
8471
8474
8492
8512
8515
8519
8526
8547
8548
8550
8589
8619
8631
8641
8682
8693
8699
8703
8734
8752
8786
8788
8789
8794
8842
8843
8854
8872
8885
8903
8974
9007
9026
9041
9043
9051
9052
9057
9162
9164
9185
9206
9254
9276
9277
9279
9306
9309
9311
9326
9334
9355
9415
9416
9417
9418
9441
9492
9493
9498
9518
9522
9539
9540
9552
9572
9591
9612
9616
9661
9676
9688
9707
9712
9745
9754
9772
9818
9850
9853
9855
9862
9865
9897
9898
9908
9913
9926
9932
9933
9935
9978
9979
10001
10016
10047
10099
10122
10143
10164
10177
10221
10226
10236
10238
10257
10258
10259
10270
10336
10411
10414
10486
10488
10502
10508
10541
10542
10561
10589
10600
10602
10612
10635
10742
10792
10812
10850
10873
10887
10902
10906
10908
10909
10950
10969
10970
10979
10981
10983
10993
11010
11110
11129
11165
11181
11182
11198
11209
11211
11244
11301
11358
11376
11422
11429
11432
11454
11483
11485
11497
11572
11614
11617
11651
11654
11677
11705
11737
11796
11864
11868
11875
11876
11883
11893
11907
11941
12011
12031
12032
12046
12047
12111
12124
12135
12138
12141
12143
12148
12166
12168
12182
12186
12195
12207
12215
12223
12232
12235
12257
12306
12308
12383
12401
12446
12449
12500
12558
12559
12566
12567
12568
12584
12604
12606
12611
12644
12666
12679
12682
12717
12721
12726
12729
12774
12779
12836
12865
12875
12908
12912
12963
12987
12995
13004
13011
13016
13031
13038
13102
13122
13182
13212
13213
13215
13229
13245
13248
13258
13262
13264
13283
13298
13312
13337
13339
13345
13351
13353
13362
13378
13517
13581
13604
13655
13670
13728
13744
13758
13764
13826
13855
13856
13858
13874
13877
13878
13890
13896
13908
13916
13949
13966
13977
13981
13986
14000
14006
14012
14024
14026
14041
14137
14149
14150
14166
14175
14195
14222
14224
14233
14260
14309
14352
14368
14385
14393
14400
14402
14461
14466
14469
14489
14499
16293
18744
23268
23763